chr1	880093	880112	0.0459625769182	0.0479718698983	0.0487253547658	0.0484741931433	0.0479718698983	0.0480974507095	0.0477207082758	0.0482230315208	0.0498555820671	0.0501067436896	0.0519904558583	0.0522416174808	0.0521160366696	0.0529951023484	0.0543764912721	0.0531206831596	0.0506090669346	0.0511113901796	0.0494788396333	0.048850935577
chr1	880113	880132	0.0602110490379	0.0597454996896	0.0597454996896	0.058504034761	0.0566418373681	0.0547796399752	0.0532278088144	0.0521415270019	0.0513656114215	0.0499689633768	0.0468653010552	0.0468653010552	0.0457790192427	0.0467101179392	0.044382371198	0.0440720049659	0.0434512725016	0.0426753569212	0.0420546244569	0.0408131595282
chr1	880153	880172	0.0844686648501	0.0835603996367	0.0790190735695	0.0735694822888	0.063578564941	0.0617620345141	0.0535876475931	0.0481380563124	0.0463215258856	0.0445049954587	0.0426884650318	0.0408719346049	0.0399636693915	0.0399636693915	0.0399636693915	0.0354223433243	0.0345140781108	0.0336058128974	0.0326975476839	0.0217983651226
chr1	880173	880192	0.125654450262	0.109947643979	0.109947643979	0.0732984293194	0.0732984293194	0.0575916230366	0.0418848167539	0.0314136125654	0.0314136125654	0.0314136125654	0.0314136125654	0.0314136125654	0.0314136125654	0.0314136125654	0.0314136125654	0.0314136125654	0.0314136125654	0.0314136125654	0.0314136125654	0.0314136125654
chr1	935362	935381	0.0488519785051	0.0500732779678	0.0498290180752	0.0500732779678	0.0493404982902	0.0495847581827	0.0515388373229	0.0517830972154	0.0512945774304	0.0530043966781	0.0539814362482	0.0542256961407	0.052515876893	0.0490962383977	0.0486077186126	0.0471421592574	0.04738641915	0.04738641915	0.0471421592574	0.0471421592574
chr1	935382	935401	0.0581979320532	0.0576070901034	0.0570162481536	0.0552437223043	0.0540620384047	0.0514032496307	0.0522895125554	0.0525849335303	0.0522895125554	0.0522895125554	0.0511078286558	0.0511078286558	0.0466765140325	0.0469719350074	0.0454948301329	0.0449039881832	0.0437223042836	0.0437223042836	0.0416543574594	0.0416543574594
chr1	935422	935441	0.0440173589585	0.0443273403596	0.0440173589585	0.0433973961562	0.0437073775573	0.0461872287663	0.0461872287663	0.0446373217607	0.0461872287663	0.0458772473652	0.0464972101674	0.0511469311841	0.0526968381897	0.0545567265964	0.0542467451953	0.0542467451953	0.0542467451953	0.0601363918165	0.0623062616243	0.061376317421
chr1	935442	935461	0.0505525511404	0.0507876792852	0.0507876792852	0.0507876792852	0.0512579355749	0.0500822948507	0.0500822948507	0.0498471667059	0.0503174229955	0.0503174229955	0.0503174229955	0.0503174229955	0.0493769104162	0.0493769104162	0.0493769104162	0.0503174229955	0.0498471667059	0.0489066541265	0.0489066541265	0.0484363978368
chr1	977400	977419	0.0586734693878	0.0582096474954	0.0591372912801	0.058905380334	0.0544990723562	0.055426716141	0.053107606679	0.0505565862709	0.0477736549165	0.0475417439703	0.0484693877551	0.0477736549165	0.0473098330241	0.0489332096475	0.0459183673469	0.0445269016698	0.0445269016698	0.0433673469388	0.0426716141002	0.0426716141002
chr1	977420	977439	0.0528148578062	0.0519442832269	0.0522344747533	0.0507835171213	0.0516540917005	0.0522344747533	0.0516540917005	0.0531050493326	0.0493325594893	0.0478816018572	0.0475914103308	0.0475914103308	0.0475914103308	0.0499129425421	0.0490423679629	0.0493325594893	0.0499129425421	0.0490423679629	0.04846198491	0.0478816018572
chr1	977460	977479	0.0404472995479	0.039971448965	0.039971448965	0.0394955983821	0.0421127765882	0.043064477754	0.0433024030454	0.0444920295027	0.0435403283369	0.0466333571259	0.0492505353319	0.0556745182013	0.05710206995	0.0594813228646	0.060195098739	0.0592433975732	0.0592433975732	0.0582916964073	0.0594813228646	0.0590054722817
chr1	977480	977499	0.0491415038484	0.0501282810341	0.0503256364713	0.0495362147227	0.0497335701599	0.0495362147227	0.0481547266627	0.0475626603513	0.0479573712256	0.0481547266627	0.048549437537	0.0501282810341	0.0507203473456	0.051312413657	0.051312413657	0.0507203473456	0.0511150582199	0.0507203473456	0.052693901717	0.0524965462799
chr1	1209063	1209082	0.0464058234759	0.0476797088262	0.0476797088262	0.0476797088262	0.0476797088262	0.0493175614195	0.0498635122839	0.0502274795268	0.0502274795268	0.0502274795268	0.0516833484986	0.0520473157416	0.0507734303913	0.0520473157416	0.0524112829845	0.0524112829845	0.0518653321201	0.0507734303913	0.0500454959054	0.0489535941765
chr1	1209083	1209102	0.0640287769784	0.0640287769784	0.0618705035971	0.0625899280576	0.0623501199041	0.062829736211	0.0621103117506	0.0589928057554	0.0462829736211	0.0470023980815	0.0438848920863	0.0443645083933	0.0450839328537	0.0446043165468	0.0434052757794	0.0407673860911	0.0402877697842	0.0376498800959	0.0345323741007	0.0333333333333
chr1	1209123	1209142	0.0393046107332	0.0403124212648	0.0405643738977	0.0390526581003	0.0388007054674	0.0415721844293	0.042328042328	0.0438397581255	0.0456034265558	0.0488788107836	0.0488788107836	0.0534139581759	0.0559334845049	0.0559334845049	0.0549256739733	0.0544217687075	0.0612244897959	0.0614764424288	0.0672713529856	0.066263542454
chr1	1209143	1209162	0.0413111809609	0.043855710223	0.0444544229906	0.046549917677	0.0475976650202	0.047897021404	0.050591228858	0.0507409070498	0.0504415506661	0.0508905852417	0.0510402634336	0.0523873671606	0.0528364017363	0.0532854363119	0.0526867235444	0.0525370453525	0.0517886543931	0.0523873671606	0.0534351145038	0.0532854363119
chr1	1243147	1243166	0.0228826566206	0.0485558811218	0.04953257988	0.04953257988	0.04953257988	0.0498116366681	0.0512069206083	0.0509278638203	0.0517650341845	0.0523231477606	0.0526022045486	0.0534393749128	0.0530207897307	0.0513464490024	0.0503697502442	0.0505092786382	0.0513464490024	0.0532998465188	0.0539974884889	0.0539974884889
chr1	1243167	1243186	0.0487029501526	0.0488301119023	0.0480671414039	0.0478128179044	0.0488301119023	0.0479399796541	0.0484486266531	0.0501017293998	0.0503560528993	0.050483214649	0.052009155646	0.0549338758901	0.0545523906409	0.0546795523906	0.0548067141404	0.052009155646	0.0494659206511	0.0498474059003	0.0453967446592	0.0427263479145
chr1	1243207	1243226	0.0451825254339	0.0469778575703	0.0469778575703	0.0487731897068	0.0477259126272	0.0477259126272	0.0499700777977	0.0490724117295	0.048473967684	0.0508677438659	0.0505685218432	0.0501196888091	0.0516157989228	0.0508677438659	0.0513165769001	0.0528126870138	0.0522142429683	0.0516157989228	0.0538599640934	0.0532615200479
chr1	1243227	1243246	0.0476753349094	0.0459679537694	0.0457052797478	0.0454426057263	0.0466246388232	0.0476753349094	0.0478066719201	0.0474126608878	0.0479380089309	0.0474126608878	0.0470186498555	0.0472813238771	0.0471499868663	0.0476753349094	0.0506960861571	0.0517467822432	0.0583136327817	0.0594956658786	0.0605463619648	0.060415024954
chr1	1310531	1310550	0.0674325309993	0.0657913931437	0.0657184536834	0.0664478482859	0.0661925601751	0.0664113785558	0.0663019693654	0.0606126914661	0.0600291757841	0.0437636761488	0.041757840992	0.0416484318016	0.0409190371991	0.041466083151	0.0354121079504	0.0352662290299	0.0349744711889	0.0339897884756	0.0331145149526	0.0327498176513
chr1	1310551	1310570	0.0754735214534	0.0750869733282	0.0740239659838	0.0741206030151	0.0538268264399	0.053247004252	0.0525705450329	0.0522806339389	0.0520873598763	0.0487050637804	0.0467723231542	0.0471588712795	0.0455160417472	0.0396211828373	0.0385581754928	0.0374951681484	0.0362388867414	0.0337263239273	0.0327599536142	0.0307305759567
chr1	1310591	1310610	0.0537453812563	0.0524017467249	0.0517299294592	0.0436681222707	0.0443399395364	0.0456835740679	0.0460194827007	0.047699025865	0.0480349344978	0.0480349344978	0.0480349344978	0.0497144776621	0.0510581121935	0.0507222035606	0.0507222035606	0.0513940208263	0.0513940208263	0.0530735639906	0.0564326503191	0.0560967416863
chr1	1310611	1310630	0.0497178177909	0.0481053480247	0.0499865627519	0.050255307713	0.0494490728299	0.050524052674	0.0518677774792	0.0515990325181	0.0524052674012	0.0524052674012	0.0518677774792	0.050255307713	0.050792797635	0.050792797635	0.050255307713	0.0483740929858	0.0483740929858	0.0481053480247	0.0478366030637	0.0470303681806
chr1	1334588	1334607	0.0475998386446	0.0481376899287	0.0484066155708	0.0488100040339	0.049347855318	0.049347855318	0.049482318139	0.0497512437811	0.0498857066021	0.0500201694232	0.0505580207073	0.0516337232755	0.0521715745596	0.0521715745596	0.0531128143068	0.0532472771279	0.0527094258438	0.0505580207073	0.0474653758236	0.0455828963292
chr1	1334608	1334627	0.0569896077774	0.0593362386859	0.0600067046597	0.0596714716728	0.0596714716728	0.0600067046597	0.0593362386859	0.0573248407643	0.0569896077774	0.0559839088166	0.0556486758297	0.0559839088166	0.0544753603755	0.0539725108951	0.0439155212873	0.0375460945357	0.0306738183037	0.0283271873952	0.0283271873952	0.0258129399933
chr1	1334648	1334667	0.0324768022841	0.0397335236736	0.0393766357364	0.047466095646	0.0467523197716	0.0473471330002	0.0479419462289	0.0485367594575	0.0548417796812	0.0548417796812	0.0549607423269	0.0535331905782	0.0535331905782	0.0541280038068	0.0543659290983	0.0541280038068	0.0541280038068	0.0540090411611	0.0542469664525	0.0536521532239
chr1	1334668	1334687	0.0536636918741	0.0536636918741	0.0530765617661	0.0529591357445	0.0527242837013	0.0521371535932	0.0520197275716	0.051315171442	0.0504931892907	0.0501409112259	0.0493189290747	0.0490840770315	0.0490840770315	0.0481446688586	0.048027242837	0.0479098168154	0.0467355565993	0.0465007045561	0.0465007045561	0.0465007045561
chr1	1407244	1407263	0.0430711610487	0.0443196004994	0.0457240948814	0.0455680399501	0.0449438202247	0.0457240948814	0.0466604244694	0.0479088639201	0.0483770287141	0.0500936329588	0.0497815230961	0.0499375780275	0.0496254681648	0.0504057428215	0.0521223470662	0.0533707865169	0.0577403245943	0.0583645443196	0.0586766541823	0.0575842696629
chr1	1407264	1407283	0.051182160129	0.0507791509941	0.0505104782375	0.0505104782375	0.0505104782375	0.0505104782375	0.051182160129	0.0506448146158	0.0518538420204	0.0513164965073	0.0503761418592	0.0498387963461	0.0495701235895	0.048898441698	0.0498387963461	0.0499731327243	0.0498387963461	0.0482267598066	0.04795808705	0.0464803868888
chr1	1407304	1407323	0.05187563366	0.0528894896925	0.0530584656979	0.0530584656979	0.0517066576546	0.0528894896925	0.0491720175735	0.0493409935789	0.0498479215951	0.0486650895573	0.0479891855357	0.0488340655627	0.0491720175735	0.0493409935789	0.0493409935789	0.0484961135519	0.0483271375465	0.0491720175735	0.0484961135519	0.0483271375465
chr1	1407324	1407343	0.0524171142804	0.0524171142804	0.0513057973699	0.0503796999444	0.0503796999444	0.0500092609743	0.0498240414892	0.0487127245786	0.0476014076681	0.0472309686979	0.0466753102426	0.0470457492128	0.0479718466383	0.0492683830339	0.0511205778848	0.0513057973699	0.0516762363401	0.0513057973699	0.0516762363401	0.0516762363401
chr1	1560411	1560430	0.0545501551189	0.0542916235781	0.0540330920372	0.0532574974147	0.0529989658738	0.0529989658738	0.0529989658738	0.0524819027921	0.052740434333	0.0524819027921	0.0524819027921	0.0514477766287	0.049379524302	0.047569803516	0.0465356773526	0.0465356773526	0.0465356773526	0.047569803516	0.0416235780765	0.037487073423
chr1	1560431	1560450	0.0577777777778	0.0573737373737	0.0569696969697	0.0565656565657	0.0557575757576	0.0533333333333	0.0533333333333	0.0537373737374	0.0521212121212	0.0517171717172	0.0492929292929	0.0484848484848	0.0492929292929	0.049696969697	0.0484848484848	0.0468686868687	0.0444444444444	0.0412121212121	0.0383838383838	0.0351515151515
chr1	1560471	1560490	0.0369220151829	0.0383022774327	0.0396825396825	0.040027605245	0.0403726708075	0.040027605245	0.0403726708075	0.0403726708075	0.043823326432	0.0462387853692	0.0493443754313	0.0524499654934	0.0590062111801	0.0607315389924	0.0617667356798	0.0617667356798	0.0614216701173	0.0621118012422	0.0631469979296	0.0621118012422
chr1	1560491	1560510	0.0485232067511	0.0487869198312	0.0490506329114	0.0503691983122	0.0516877637131	0.0516877637131	0.0514240506329	0.0516877637131	0.0514240506329	0.0516877637131	0.0524789029536	0.0522151898734	0.0506329113924	0.0501054852321	0.0482594936709	0.0477320675105	0.0482594936709	0.0485232067511	0.0477320675105	0.0477320675105
chr1	1577037	1577056	0.0410906298003	0.0441628264209	0.0460829493088	0.0464669738863	0.0468509984639	0.047619047619	0.0480030721966	0.0491551459293	0.0514592933948	0.0514592933948	0.0526113671275	0.0526113671275	0.0526113671275	0.0533794162826	0.0537634408602	0.0541474654378	0.0545314900154	0.0549155145929	0.0529953917051	0.0460829493088
chr1	1577057	1577076	0.0502723083368	0.0494344365312	0.04775869292	0.0469208211144	0.0490155006284	0.04775869292	0.049853372434	0.049853372434	0.049853372434	0.0485965647256	0.0485965647256	0.049853372434	0.049853372434	0.0490155006284	0.049853372434	0.049853372434	0.0540427314621	0.0540427314621	0.0536237955593	0.0519480519481
chr1	1577097	1577116	0.0352250489237	0.0365296803653	0.0391389432485	0.0394651011089	0.0446836268754	0.0479452054795	0.0479452054795	0.0482713633399	0.0485975212003	0.0479452054795	0.0528375733855	0.0534898891063	0.0544683626875	0.0570776255708	0.0534898891063	0.0554468362688	0.0560991519896	0.0567514677104	0.0626223091977	0.0619699934768
chr1	1577117	1577136	0.0409768211921	0.0449089403974	0.0455298013245	0.0513245033113	0.0529801324503	0.0531870860927	0.0498758278146	0.051738410596	0.0515314569536	0.0507036423841	0.050082781457	0.0509105960265	0.0504966887417	0.0502897350993	0.0507036423841	0.0509105960265	0.0507036423841	0.0513245033113	0.0509105960265	0.0509105960265
chr1	1640247	1640266	0.0422929045788	0.0450891296749	0.045438657812	0.045438657812	0.045438657812	0.047186298497	0.0478853547711	0.0499825235931	0.0517301642782	0.0517301642782	0.0524292205523	0.0524292205523	0.0524292205523	0.0524292205523	0.0527787486893	0.0548759175114	0.0552254456484	0.0559245019224	0.0534778049633	0.045788185949
chr1	1640267	1640286	0.0541649569142	0.0504718916701	0.049240869922	0.0496512105047	0.0512925728355	0.0467788264259	0.0488305293394	0.0504718916701	0.0504718916701	0.049240869922	0.0467788264259	0.0475995075913	0.048009848174	0.0471891670086	0.0475995075913	0.049240869922	0.0549856380796	0.0541649569142	0.0533442757489	0.0504718916701
chr1	1640307	1640326	0.0356347438753	0.0372255806554	0.0397709195037	0.0400890868597	0.0483614381164	0.0489977728285	0.0518612790328	0.0512249443207	0.0509067769647	0.0505886096087	0.0534521158129	0.0534521158129	0.0537702831689	0.0550429525931	0.0505886096087	0.0531339484569	0.0531339484569	0.054406617881	0.0591791282214	0.0591791282214
chr1	1640327	1640346	0.0427580031341	0.0465636892769	0.0465636892769	0.0530557421088	0.0546227893441	0.0543989254533	0.0505932393105	0.0508171032013	0.051040967092	0.051040967092	0.0508171032013	0.051040967092	0.0499216476382	0.0494739198567	0.050145511529	0.0494739198567	0.0494739198567	0.0496977837475	0.049250055966	0.049250055966
chr1	1643792	1643811	0.051966873706	0.0510697032436	0.0507246376812	0.0526570048309	0.0527950310559	0.0535541752933	0.0532091097308	0.0520358868185	0.0521739130435	0.0507936507937	0.0521739130435	0.0530710835059	0.0525879917184	0.0490683229814	0.0463768115942	0.0449965493444	0.0458937198068	0.0458247066943	0.0456176673568	0.0434092477571
chr1	1643812	1643831	0.0613789237668	0.0608183856502	0.0607249626308	0.0600710014948	0.0566143497758	0.0539050822123	0.0527840059791	0.0523168908819	0.0509155455904	0.0502615844544	0.0481128550075	0.0468049327354	0.0462443946188	0.0446562032885	0.0440956651719	0.0435351270553	0.042600896861	0.0420403587444	0.0413863976084	0.0407324364723
chr1	1643852	1643871	0.0921658986175	0.0829493087558	0.0691244239631	0.0691244239631	0.0691244239631	0.0691244239631	0.0599078341014	0.0506912442396	0.0460829493088	0.0460829493088	0.0460829493088	0.0460829493088	0.0460829493088	0.0414746543779	0.0414746543779	0.0276497695853	0.0276497695853	0.0230414746544	0.0230414746544	0.0230414746544
0	0	0	0	0	0	0	0	0	0	0	0	0	0	0	0	0	0	0	0
chr1	2125216	2125235	0.0665782493369	0.0671087533156	0.0525198938992	0.051724137931	0.0514588859416	0.0509283819629	0.0506631299735	0.0485411140584	0.0480106100796	0.0488063660477	0.0503978779841	0.0511936339523	0.0514588859416	0.0474801061008	0.0466843501326	0.0442970822281	0.0440318302387	0.0432360742706	0.0424403183024	0.0424403183024
chr1	2125236	2125255	0.0452841072974	0.0458609749063	0.0464378425151	0.047014710124	0.047014710124	0.0487453129507	0.0504759157773	0.0510527833862	0.0484568791462	0.0490337467551	0.0493221805596	0.0504759157773	0.0516296509951	0.0519180847995	0.0524949524084	0.0524949524084	0.052206518604	0.0533602538217	0.0536486876262	0.0530718200173
chr1	2125276	2125295	0.0451871028477	0.0449517533537	0.0447164038597	0.0442457048717	0.0451871028477	0.0451871028477	0.0442457048717	0.0447164038597	0.0449517533537	0.0473052482937	0.0477759472817	0.0496587432337	0.0496587432337	0.0498940927277	0.0569545775477	0.0581313250177	0.0590727229936	0.0590727229936	0.0600141209696	0.0590727229936
chr1	2125296	2125315	0.0481459910697	0.0475635798874	0.0471753057659	0.048728402252	0.0479518540089	0.0481459910697	0.0485342651912	0.0489225393128	0.048728402252	0.0475635798874	0.0485342651912	0.0529994175888	0.0529994175888	0.0522228693458	0.052028732285	0.0512521840419	0.0524170064065	0.0522228693458	0.0524170064065	0.0514463211027
chr1	2323310	2323329	0.0443661971831	0.047323943662	0.0485915492958	0.0487323943662	0.0495774647887	0.0515492957746	0.0519718309859	0.0521126760563	0.0523943661972	0.0529577464789	0.0529577464789	0.0530985915493	0.0522535211268	0.0525352112676	0.0530985915493	0.0532394366197	0.0518309859155	0.0452112676056	0.0435211267606	0.042676056338
chr1	2323330	2323349	0.0562730627306	0.0564575645756	0.0564575645756	0.0570110701107	0.0547970479705	0.05036900369	0.0509225092251	0.0523985239852	0.0516605166052	0.0512915129151	0.0507380073801	0.0488929889299	0.0483394833948	0.0477859778598	0.0464944649446	0.0453874538745	0.0452029520295	0.0446494464945	0.0433579335793	0.0415129151292
chr1	2323370	2323389	0.0513307984791	0.0529942965779	0.053469581749	0.0529942965779	0.0518060836502	0.0510931558935	0.050855513308	0.0503802281369	0.0503802281369	0.0501425855513	0.0499049429658	0.0496673003802	0.0496673003802	0.0491920152091	0.0491920152091	0.0491920152091	0.0484790874525	0.0465779467681	0.0465779467681	0.046102661597
chr1	2323390	2323409	0.062879029684	0.0641557612512	0.0641557612512	0.0679859559528	0.0679859559528	0.0683051388446	0.0686243217364	0.0679859559528	0.0469198850942	0.0414937759336	0.0405362272582	0.0373443983402	0.0357484838813	0.0367060325567	0.0398978614746	0.0389403127992	0.0379827641238	0.037663581232	0.0379827641238	0.0367060325567
chr1	8021746	8021765	0.0330785985897	0.0340015505593	0.0340753867169	0.0418281832613	0.0445970391701	0.0454092369033	0.0485103555211	0.0498763244361	0.0541957396537	0.0544172481264	0.0548971831506	0.0551925277809	0.0552294458596	0.0558201351202	0.0558201351202	0.0561154797504	0.056189315908	0.0563739063019	0.0571861040351	0.0571861040351
chr1	8021766	8021785	0.0487261245086	0.048911865771	0.049376218927	0.0495619601895	0.0495000464353	0.0495310033124	0.0494690895582	0.0500882270997	0.0500882270997	0.0503358821162	0.0503977958704	0.0504287527474	0.0505525802557	0.0512955453054	0.0515122434449	0.0514812865678	0.0504597096245	0.0500263133455	0.0492214345417	0.0490356932793
chr1	8021806	8021825	0.0331038135593	0.0346927966102	0.0390183615819	0.0408721751412	0.0412252824859	0.0450211864407	0.0457274011299	0.0493026129944	0.0512888418079	0.052480579096	0.0553937146893	0.0553495762712	0.0549964689266	0.0549964689266	0.0560116525424	0.0572916666667	0.0584392655367	0.0578213276836	0.0586599576271	0.0583068502825
chr1	8021826	8021845	0.053844584948	0.0538037935958	0.0532735060167	0.0520089740975	0.0516418519274	0.0515194778707	0.0514786865185	0.0513563124618	0.0505812767693	0.0505404854171	0.0497654497247	0.0497246583724	0.0496022843157	0.0493575362023	0.0492351621456	0.0482969610443	0.048256169692	0.0468692637161	0.0450744442178	0.0437691209464
chr1	8938610	8938629	0.0442804428044	0.049815498155	0.049815498155	0.0479704797048	0.0461254612546	0.0461254612546	0.0479704797048	0.0461254612546	0.0516605166052	0.0516605166052	0.0516605166052	0.0516605166052	0.0516605166052	0.0516605166052	0.0535055350554	0.0535055350554	0.0553505535055	0.0535055350554	0.049815498155	0.0461254612546
chr1	8938630	8938649	0.00231846424928	0.00241120281925	0.00241120281925	0.0025966799592	0.00268941852917	0.0025966799592	0.0025966799592	0.00268941852917	0.00482240563851	0.0770657516461	0.0791987387554	0.0799406473152	0.080682555875	0.0825373272744	0.0846703143838	0.0868960400631	0.0947788185106	0.102105165538	0.103588982658	0.103403505518
chr1	8938670	8938689	0.0165124006602	0.0169777435234	0.0225763998459	0.0468323965885	0.0483084059826	0.0533617386373	0.0537180167669	0.0543578632037	0.0544669279373	0.0579497284288	0.0580224382512	0.0566409516262	0.0578115797663	0.0574843855656	0.0572517141341	0.056604596715	0.0571208364538	0.0580951480736	0.0579933543222	0.0579133735176
chr1	8938690	8938709	0.0508488565515	0.0508171117291	0.0507599710487	0.050658387617	0.0505250593628	0.0503790331797	0.049871116021	0.0494266885071	0.0493885947202	0.0494393864361	0.049674298122	0.0498266732696	0.0495219229744	0.0499409546303	0.0499536525593	0.0499853973817	0.0499346056658	0.0498203243051	0.0496869960509	0.0495409698678
chr1	9415841	9415860	0.0515926424406	0.0605652759085	0.0578734858681	0.0574248541947	0.0551816958277	0.0551816958277	0.0560789591745	0.0533871691341	0.0529385374607	0.0484522207268	0.0484522207268	0.0466576940332	0.0471063257066	0.0471063257066	0.0466576940332	0.0466576940332	0.0462090623598	0.0435172723194	0.0399282189323	0.0390309555855
chr1	9415861	9415880	0.0568783068783	0.0515873015873	0.0509259259259	0.0509259259259	0.0548941798942	0.0542328042328	0.0529100529101	0.0496031746032	0.0489417989418	0.0489417989418	0.0482804232804	0.0449735449735	0.0449735449735	0.0449735449735	0.0462962962963	0.0489417989418	0.0502645502646	0.0496031746032	0.0509259259259	0.0509259259259
chr1	9415901	9415920	0.045045045045	0.045045045045	0.045045045045	0.046683046683	0.046683046683	0.046683046683	0.047502047502	0.0507780507781	0.049959049959	0.0507780507781	0.0515970515971	0.0515970515971	0.0532350532351	0.0540540540541	0.04914004914	0.0515970515971	0.0524160524161	0.0548730548731	0.0540540540541	0.0532350532351
chr1	9415921	9415940	0.0478208232446	0.0478208232446	0.0490314769976	0.0514527845036	0.0496368038741	0.047215496368	0.047215496368	0.0508474576271	0.0496368038741	0.0484261501211	0.0496368038741	0.0514527845036	0.0508474576271	0.0502421307506	0.0514527845036	0.0520581113801	0.0514527845036	0.0520581113801	0.0508474576271	0.0508474576271
chr1	11119843	11119862	0.0428530342249	0.0477423065861	0.0477423065861	0.0483175150992	0.0483175150992	0.0486051193558	0.0486051193558	0.0486051193558	0.0488927236123	0.0488927236123	0.0494679321254	0.050330744895	0.0497555363819	0.0514811619212	0.0517687661777	0.0520563704343	0.0523439746908	0.0537819959735	0.0552200172563	0.0552200172563
chr1	11119863	11119882	0.0506483973575	0.0499143626132	0.0491803278689	0.049425006117	0.051871788598	0.0513824321018	0.051871788598	0.051871788598	0.051871788598	0.0491803278689	0.0484462931245	0.0484462931245	0.0482016148764	0.0482016148764	0.0491803278689	0.049425006117	0.049425006117	0.0504037191094	0.0506483973575	0.0504037191094
chr1	11119903	11119922	0.0489279824079	0.0489279824079	0.0489279824079	0.0475536008796	0.0478284771853	0.0475536008796	0.0472787245739	0.0459043430456	0.0475536008796	0.0486531061023	0.0511269928532	0.0519516217702	0.0522264980759	0.0536008796042	0.0508521165476	0.0522264980759	0.0516767454645	0.0530511269929	0.0525013743815	0.0516767454645
chr1	11119923	11119942	0.0444648177859	0.0442356176942	0.0446940178776	0.0467568187027	0.0481320192528	0.0492780197112	0.0495072198029	0.0488196195278	0.0483612193445	0.0485904194362	0.0497364198946	0.0527160210864	0.0524868209947	0.0536328214531	0.0538620215448	0.0534036213614	0.0529452211781	0.0527160210864	0.0529452211781	0.0527160210864
chr1	11741084	11741103	0.00207039337474	0.00207039337474	0.00207039337474	0.00207039337474	0.00207039337474	0.00207039337474	0.00207039337474	0.00138026224983	0.00414078674948	0.0786749482402	0.08005521049	0.0821256038647	0.0862663906142	0.0890269151139	0.0890269151139	0.0904071773637	0.0904071773637	0.0966183574879	0.0986887508627	0.0986887508627
chr1	11741104	11741123	0.0410490307868	0.0419042189282	0.0427594070696	0.0456100342075	0.0461801596351	0.0464652223489	0.0473204104903	0.0473204104903	0.0481755986317	0.0484606613455	0.0490307867731	0.0490307867731	0.0490307867731	0.0496009122007	0.0501710376283	0.0535917901938	0.0584378563284	0.0627137970353	0.0627137970353	0.060433295325
chr1	11741144	11741163	0.0412355897133	0.0443393437777	0.049660065031	0.0523204256577	0.0524682234703	0.0523204256577	0.0524682234703	0.0515814365947	0.0512858409696	0.0509902453444	0.0515814365947	0.0515814365947	0.0518770322199	0.0502512562814	0.0499556606562	0.0498078628436	0.0492166715933	0.0495122672184	0.0487732781555	0.0487732781555
chr1	11741164	11741183	0.0543905635649	0.0566841415465	0.0583224115334	0.0584862385321	0.0576671035387	0.0558650065531	0.0530799475754	0.0494757536042	0.0494757536042	0.0491480996068	0.0493119266055	0.0486566186107	0.0470183486239	0.0463630406291	0.0447247706422	0.0447247706422	0.0443971166448	0.0442332896461	0.0442332896461	0.0437418086501
chr1	11986132	11986151	0.0558491895701	0.0542635658915	0.0528541226216	0.0544397463002	0.0542635658915	0.0528541226216	0.0516208597604	0.0488019732206	0.0482734319944	0.0480972515856	0.0491543340381	0.0488019732206	0.0496828752643	0.0495066948555	0.0482734319944	0.0475687103594	0.0472163495419	0.0461592670895	0.0466878083157	0.0456307258633
chr1	11986152	11986171	0.0596131968146	0.0598407281001	0.0587030716724	0.0525597269625	0.0536973833902	0.0516496018203	0.0500568828214	0.0486916951081	0.0480091012514	0.0484641638225	0.0480091012514	0.0484641638225	0.0466439135381	0.0452787258248	0.0457337883959	0.0455062571104	0.0459613196815	0.0468714448237	0.048236632537	0.0480091012514
chr1	11986192	11986211	0.0442577030812	0.0464985994398	0.0468720821662	0.0481792717087	0.0483660130719	0.0489262371615	0.0494864612512	0.0489262371615	0.0485527544351	0.0483660130719	0.0504201680672	0.0496732026144	0.0509803921569	0.0526610644258	0.0513538748833	0.0507936507937	0.0535947712418	0.0539682539683	0.0543417366947	0.053781512605
chr1	11986212	11986231	0.0456794195251	0.0461741424802	0.0489775725594	0.0498021108179	0.0517810026385	0.0524406332454	0.0524406332454	0.0519459102902	0.0511213720317	0.0509564643799	0.0517810026385	0.052110817942	0.0524406332454	0.0501319261214	0.0499670184697	0.0493073878628	0.0493073878628	0.0488126649077	0.0474934036939	0.0473284960422
chr1	12042037	12042056	0.0482352941176	0.0487058823529	0.0487058823529	0.0489411764706	0.0494117647059	0.0494117647059	0.0498823529412	0.0505882352941	0.0505882352941	0.0510588235294	0.0510588235294	0.0512941176471	0.0512941176471	0.052	0.052	0.052	0.0522352941176	0.0501176470588	0.0482352941176	0.0442352941176
chr1	12042057	12042076	0.0619174434088	0.0615845539281	0.0615845539281	0.0609187749667	0.0612516644474	0.0609187749667	0.0595872170439	0.0525965379494	0.0492676431425	0.0462716378162	0.0466045272969	0.0462716378162	0.0456058588549	0.04327563249	0.0396138482024	0.0379494007989	0.0376165113182	0.0439414114514	0.0439414114514	0.0392809587217
chr1	12042097	12042116	0.0445609436435	0.0471821756225	0.0480559196156	0.047619047619	0.047619047619	0.0502402795981	0.0502402795981	0.0506771515946	0.0515508955876	0.0515508955876	0.0528615115771	0.0532983835736	0.0554827435561	0.0537352555701	0.0502402795981	0.0498034076016	0.0493665356051	0.0493665356051	0.0484927916121	0.0480559196156
chr1	12042117	12042136	0.0484154929577	0.0484154929577	0.0484154929577	0.0484154929577	0.049735915493	0.049735915493	0.0514964788732	0.043573943662	0.0466549295775	0.0444542253521	0.0453345070423	0.0457746478873	0.0457746478873	0.0475352112676	0.0484154929577	0.0514964788732	0.0585387323944	0.0580985915493	0.0598591549296	0.0598591549296
chr1	16134014	16134033	0.0342530922931	0.035241162263	0.0353875429993	0.0363939105614	0.0374734684915	0.0377296347801	0.038205372173	0.0393581204713	0.0436214594159	0.0458537656444	0.0507026275342	0.0522945180414	0.0546000146381	0.0568506184586	0.0578203908366	0.0593756861597	0.0608577911147	0.0737575935007	0.0751299129035	0.0750933177194
chr1	16134034	16134053	0.042771575336	0.0435771556381	0.0440605038194	0.0447144454764	0.0455768902705	0.0464203802339	0.0474818507497	0.0477472183786	0.0494531531361	0.0506946945429	0.0537938093523	0.05402126732	0.0548647572834	0.0543434994408	0.053755899691	0.0535568739693	0.0536990351991	0.0535853062153	0.0536326932919	0.0522489906553
chr1	16134074	16134093	0.0506944030518	0.0511017067016	0.0526415131827	0.0519262482367	0.0562774433252	0.0557707973217	0.0558900081461	0.0500387435179	0.0497407164571	0.0470088017325	0.0500089408118	0.0493135443365	0.0490751226878	0.0488466352745	0.0486876875087	0.0484293973893	0.0474260396177	0.0472869603227	0.0456279430172	0.0442073473605
chr1	16134094	16134113	0.0545003589844	0.0540956856602	0.0516284837804	0.0514848900202	0.0509888388486	0.0507016513282	0.0517459695842	0.0519809411918	0.0537040663142	0.0533907708374	0.0534168787938	0.052973043535	0.0493309836173	0.0477775602115	0.0458325174597	0.0449187389857	0.0449970628549	0.0454278441355	0.0464068925005	0.0446968213563
chr1	16678778	16678797	0.0524764150943	0.0530660377358	0.0527712264151	0.0518867924528	0.049233490566	0.0486438679245	0.0501179245283	0.0501179245283	0.0510023584906	0.0501179245283	0.0495283018868	0.0489386792453	0.0486438679245	0.0504127358491	0.0486438679245	0.048054245283	0.049233490566	0.0489386792453	0.049233490566	0.0489386792453
chr1	16678798	16678817	0.0505651397977	0.0502676977989	0.0490779298037	0.0493753718025	0.0493753718025	0.0484830458061	0.046995835812	0.0458060678168	0.0458060678168	0.0487804878049	0.0508625817965	0.0529446757882	0.0520523497918	0.0520523497918	0.051754907793	0.0526472337894	0.0529446757882	0.0502676977989	0.0502676977989	0.0496728138013
chr1	16678838	16678857	0.0502885408079	0.0511129431162	0.0515251442704	0.0498763396538	0.0490519373454	0.0502885408079	0.0490519373454	0.0494641384996	0.0490519373454	0.0478153338829	0.0490519373454	0.0494641384996	0.0502885408079	0.0507007419621	0.0507007419621	0.0502885408079	0.0511129431162	0.0511129431162	0.0519373454246	0.0478153338829
chr1	16678858	16678877	0.0369961347322	0.0356156819437	0.0378244064053	0.038100496963	0.0372722252899	0.0372722252899	0.038100496963	0.0582551076753	0.0577029265599	0.0579790171176	0.055770292656	0.0554942020983	0.0560463832137	0.0554942020983	0.0546659304252	0.0549420209829	0.0546659304252	0.0554942020983	0.06129210381	0.0610160132523
chr1	17380488	17380507	0.0532994923858	0.0542512690355	0.0537753807107	0.0540926395939	0.0532994923858	0.0525063451777	0.0525063451777	0.052347715736	0.0521890862944	0.0513959390863	0.0513959390863	0.0509200507614	0.0506027918782	0.0498096446701	0.0494923857868	0.0440989847716	0.0439403553299	0.0437817258883	0.0433058375635	0.0429885786802
chr1	17380508	17380527	0.0701844262295	0.0673668032787	0.0645491803279	0.0560963114754	0.0519979508197	0.0509733606557	0.0519979508197	0.0522540983607	0.0522540983607	0.0525102459016	0.0509733606557	0.0496926229508	0.046362704918	0.0420081967213	0.0414959016393	0.0407274590164	0.0417520491803	0.0414959016393	0.0379098360656	0.0373975409836
chr1	17380548	17380567	0.053391959799	0.054648241206	0.054648241206	0.052135678392	0.052135678392	0.0508793969849	0.0508793969849	0.0508793969849	0.0515075376884	0.0508793969849	0.0483668341709	0.0483668341709	0.0464824120603	0.0477386934673	0.0483668341709	0.0502512562814	0.0477386934673	0.0471105527638	0.0471105527638	0.0464824120603
chr1	17380568	17380587	0.0534296028881	0.0534296028881	0.0541516245487	0.0541516245487	0.0548736462094	0.0563176895307	0.0512635379061	0.0519855595668	0.0519855595668	0.0512635379061	0.0483754512635	0.0476534296029	0.0476534296029	0.0462093862816	0.0462093862816	0.0462093862816	0.0462093862816	0.0469314079422	0.0462093862816	0.0454873646209
chr1	19578112	19578131	0.04263370333	0.0464177598385	0.0469223007064	0.0469223007064	0.0466700302725	0.0469223007064	0.0471745711403	0.0476791120081	0.0509586276488	0.0514631685166	0.0517154389506	0.0524722502523	0.0524722502523	0.0527245206862	0.0522199798184	0.0527245206862	0.0527245206862	0.0534813319879	0.0537336024218	0.0519677093845
chr1	19578132	19578151	0.05441098785	0.0530903328051	0.0520338087691	0.0520338087691	0.0522979397781	0.0533544638141	0.0530903328051	0.0530903328051	0.0525620707871	0.0507131537242	0.0486001056524	0.0472794506075	0.0456946645536	0.0454305335446	0.0488642366614	0.0504490227153	0.0501848917063	0.0501848917063	0.0475435816165	0.0390913893291
chr1	19578172	19578191	0.0386440677966	0.0379661016949	0.0413559322034	0.0403389830508	0.044406779661	0.0447457627119	0.0450847457627	0.0464406779661	0.0464406779661	0.0498305084746	0.051186440678	0.0532203389831	0.0528813559322	0.0538983050847	0.0545762711864	0.0528813559322	0.0562711864407	0.0569491525424	0.0664406779661	0.0664406779661
chr1	19578192	19578211	0.0506866416979	0.0504369538077	0.0506866416979	0.050936329588	0.0504369538077	0.0494382022472	0.0489388264669	0.0486891385768	0.0489388264669	0.0491885143571	0.0486891385768	0.0491885143571	0.0499375780275	0.0501872659176	0.0506866416979	0.0504369538077	0.0504369538077	0.0506866416979	0.0506866416979	0.0506866416979
chr1	20959999	20960018	0.0440443896424	0.0457213316893	0.0465104808878	0.0477435265105	0.0486806411837	0.0486806411837	0.0487792848335	0.049617755857	0.0499630086313	0.0511467324291	0.0516399506782	0.0519852034525	0.0522318125771	0.0521824907522	0.0520345252774	0.0514426633785	0.0516892725031	0.0519358816276	0.0519852034525	0.0519852034525
chr1	20960019	20960038	0.0548514650715	0.0549528541012	0.0548007705566	0.0546486870121	0.0545979924972	0.0546993815269	0.0556625773091	0.0557639663388	0.0560174389131	0.0564229950319	0.0534827131704	0.0535841022001	0.0526716009328	0.0527729899625	0.0478556220217	0.042228530873	0.0386799148332	0.0360944945757	0.0351312987935	0.0350806042786
chr1	20960059	20960078	0.0415706105451	0.043429761285	0.044545251729	0.0461069383506	0.0465531345281	0.0479660890905	0.0487841154161	0.0488584814457	0.0486353833569	0.0490072135049	0.0504945340968	0.0519074886592	0.0533204432215	0.0539897374879	0.0545846657247	0.0548077638135	0.0535435413103	0.0536922733695	0.0545102996951	0.0536922733695
chr1	20960079	20960098	0.0476496275366	0.046493706653	0.0465579244798	0.0475211918829	0.0466221423067	0.046943231441	0.0485486771128	0.0491266375546	0.0497688158233	0.0504752119188	0.0502825584382	0.0515026971487	0.0516311328025	0.0515669149756	0.0519522219368	0.0518237862831	0.0520806575905	0.0534934497817	0.0533650141279	0.0525944002055
chr1	20960084	20960103	0.0463039209476	0.0478875023754	0.0484575916894	0.0490910242605	0.0497878000887	0.0495977703173	0.0508012922024	0.0509279787167	0.0508646354596	0.0512446950022	0.051118008488	0.0513713815164	0.0527649331729	0.0526382466586	0.052258187116	0.0518781275733	0.0507379489453	0.0482042186609	0.0476341293469	0.0464306074618
chr1	20960104	20960123	0.0711474119268	0.0694745128912	0.0685888604605	0.0600275536312	0.0578626254674	0.0558945089549	0.0529423341862	0.0509742176737	0.0487108836843	0.0483172603818	0.0470379846487	0.0454634914387	0.0448730564849	0.0447746506593	0.0429049399724	0.0409368234599	0.0396575477268	0.0378862428656	0.0367053729581	0.0358197205275
chr1	20960144	20960163	0.0403125893453	0.0402172877156	0.0400266844563	0.0418374154198	0.0427904317164	0.0442199561613	0.0481273229772	0.0510816734966	0.0511769751263	0.0520346897932	0.0527018012008	0.054607833794	0.0547031354236	0.0550843419422	0.0545125321643	0.0539407223864	0.0541313256457	0.0542266272753	0.0571809777947	0.0570856761651
chr1	20960164	20960183	0.0441113794573	0.0448927404461	0.0448217076289	0.0451058388976	0.0456741014349	0.0454610029834	0.046597528058	0.0470237249609	0.0502912345504	0.0519249893451	0.0520670549794	0.0522801534309	0.0524222190652	0.0559028271061	0.0561869583748	0.0551924989345	0.0548373348487	0.0524932518824	0.0515698252593	0.0511436283563
chr1	20960277	20960296	0.0505170185265	0.0508401551056	0.0510555794916	0.0501938819474	0.0496553209823	0.0495476087893	0.0494398965963	0.0491167600172	0.048039638087	0.0486859112452	0.0500861697544	0.0522404136148	0.0536406721241	0.053209823352	0.0524558380009	0.0491167600172	0.0485781990521	0.048039638087	0.047824213701	0.047716501508
chr1	20960297	20960316	0.0551597051597	0.0535626535627	0.0523341523342	0.05	0.0485257985258	0.0487714987715	0.0512285012285	0.0512285012285	0.0490171990172	0.05085995086	0.0511056511057	0.0503685503686	0.0504914004914	0.0504914004914	0.0498771498771	0.0501228501229	0.0487714987715	0.0479115479115	0.0453316953317	0.0448402948403
chr1	20960337	20960356	0.0467241601236	0.0440211095379	0.0449221263998	0.045436993178	0.0467241601236	0.0468528768181	0.0462092933453	0.0463380100399	0.0491697773201	0.048912343931	0.0494272107092	0.0503282275711	0.0513579611276	0.0553481786588	0.0562491955207	0.0556056120479	0.053546144935	0.0536748616296	0.0557343287424	0.0534174282404
chr1	20960357	20960376	0.0454845814978	0.0452643171806	0.0448237885463	0.0448237885463	0.045704845815	0.0468061674009	0.0512114537445	0.0514317180617	0.0514317180617	0.0512114537445	0.0526431718062	0.0508810572687	0.0498898678414	0.0504405286344	0.052422907489	0.0528634361233	0.0531938325991	0.0535242290749	0.0533039647577	0.0526431718062
chr1	20987733	20987752	0.0486466023093	0.0471323111868	0.0442930153322	0.0433465833807	0.0424001514291	0.0427787242097	0.0465644520159	0.0475108839674	0.0477001703578	0.0480787431384	0.0501608934318	0.0524323301155	0.0554609123604	0.0554609123604	0.0556501987507	0.0556501987507	0.0552716259701	0.0548930531895	0.0541359076282	0.0524323301155
chr1	20987753	20987772	0.0529763051435	0.0529763051435	0.0502793296089	0.0491234829513	0.0497014062801	0.0498940473897	0.0495087651705	0.0485455596224	0.0479676362936	0.048738200732	0.0483529185128	0.0483529185128	0.0495087651705	0.0506646118282	0.0510498940474	0.0502793296089	0.0506646118282	0.0510498940474	0.0504719707186	0.0498940473897
chr1	20987793	20987812	0.0297929191717	0.0299265197061	0.0287241148965	0.0291249164997	0.0300601202405	0.0312625250501	0.0533066132265	0.0537074148297	0.0543754175017	0.0550434201737	0.0551770207081	0.0570474281897	0.0606546426186	0.0611890447562	0.060788243153	0.0610554442218	0.061456245825	0.0626586506346	0.062792251169	0.0618570474282
chr1	20987813	20987832	0.0441616766467	0.044255239521	0.0436002994012	0.0435067365269	0.0434131736527	0.0444423652695	0.045003742515	0.0500561377246	0.0524887724551	0.0526758982036	0.0530501497006	0.0533308383234	0.0537986526946	0.0537986526946	0.0546407185629	0.0548278443114	0.0546407185629	0.0533308383234	0.0525823353293	0.0523952095808
chr1	21616600	21616619	0.0548952334273	0.0460727851979	0.0433770371278	0.0414164930768	0.0416615610832	0.0428869011151	0.0433770371278	0.0442347751501	0.0450925131724	0.0460727851979	0.0477882612425	0.0506065433158	0.0526896213699	0.0529346893763	0.0541600294082	0.0546501654209	0.0574684474942	0.0611444675898	0.0600416615611	0.0594289915452
chr1	21616620	21616639	0.0595320824647	0.0593004401205	0.0576789437109	0.0574473013667	0.0554783414408	0.0535093815149	0.0531619179986	0.0521195274496	0.0504980310401	0.0504980310401	0.0500347463516	0.0484132499421	0.047255038221	0.0457493629836	0.0442436877461	0.044127866574	0.0432012971971	0.043085476025	0.0423905489924	0.0422747278202
